3499,2495,3993,2777
3528,3764,3915,4014
1150,5297,1973,5579
700,3038,1194,3285
2070,3865,2152,4025
4238,3488,4705,3720
2039,2603,2319,2777
1901,4302,2191,4510
3638,5337,3843,5572
1785,4792,2668,5109
1288,2792,1872,3082
2752,4133,2836,4223
1377,4241,1891,4522
3997,4251,4453,4484
1408,4842,1822,5118
2786,4021,3188,4237
1373,3118,1447,3234
891,5341,1103,5626
2868,3575,2969,3742
1883,2792,2397,3067
2426,5218,2525,5312
890,4787,1396,5076
723,3532,1323,3807
4012,2502,4300,2770
4350,4826,4618,5113
3442,5112,3678,5304
3370,4522,3586,4748
4199,2821,4802,3067
2592,3017,2825,3263
2916,4493,3400,4724
3954,3314,4261,3524
4221,5048,4750,5275
790,3249,1385,3561
3944,3776,4483,4004
1594,4589,1707,4762
2008,5292,2409,5546
4091,5252,4682,5529
2856,3757,3284,3989
1759,4543,2034,4790
3471,2777,4055,3075
3541,3024,3899,3314
2897,4826,3210,5071
3506,3394,3596,3561
1595,3038,2062,3263
3646,4809,4313,5097
4149,3561,4230,3742
3985,2284,4316,2524
1179,3031,1381,3336
2101,3038,2627,3321
2319,3771,2821,3996
2868,3024,3234,3285
4426,4217,4727,4458
4697,4592,4748,4664
1523,5071,1924,5308
874,4004,1461,4204
2891,3292,3499,3539
2027,3669,2109,3778
3690,5128,3829,5290
412,2328,910,2603
2370,3343,2420,3495
1152,2901,1241,3024
1366,3524,2047,3800
998,5558,1465,5851
3911,2270,4004,2480
1911,3994,2315,4231
1589,5612,1785,5824
1696,2567,2051,2792
2883,5521,3406,5856
4047,2828,4219,3038
2686,4514,2917,4754
3841,3517,4176,3749
4281,3959,4851,4250
2346,2524,2880,2792
505,2567,988,2821
3197,3994,3704,4246
4296,3024,4510,3292
673,2792,1155,3097
4212,4468,4775,4821
2178,4264,2579,4527
1327,2596,1716,2814
1919,5077,2471,5328
3825,3787,3911,3859
3611,3524,3825,3793
2125,3553,2315,3786
3791,5290,4068,5525
3715,3981,4304,4219
2320,4003,2793,4249
2015,4514,2664,4741
2417,5300,2864,5560
3103,5070,3456,5295
4526,3314,4596,3539
2544,4275,3139,4552
1416,3292,1677,3532
1739,3292,2350,3532
3931,3053,4250,3300
790,3786,1194,4047
3809,5061,4234,5356
1825,3793,2070,4010
2878,5105,3111,5260
3187,3118,3281,3242
1046,4481,1649,4825
2864,2277,3117,2538
2148,3786,2319,4061
3388,5639,3451,5726
840,5078,1527,5376
1493,4016,1904,4223
2810,2748,3343,3067
918,4193,1364,4492
1973,2284,2876,2596
4316,2241,4697,2495
2428,3249,2895,3539
4795,2937,4837,3053
2911,2473,3491,2814
1440,3038,1580,3278
2821,3873,2876,3989
910,2291,1977,2611
3156,2262,3919,2545
2343,3524,2887,3793
3891,3860,3934,3929
996,2589,1276,2799
3273,3031,3572,3278
4285,3321,4518,3517
3312,3749,3537,3996
1218,3778,1751,4010
4265,2480,4666,2763
2636,4837,2892,5067
3588,3307,3958,3532
3905,4488,4254,4769
2370,2777,2646,3038
4479,3416,4534,3488
3195,4228,3968,4512
2908,5334,3600,5540
4526,3046,4841,3300
3723,4511,3921,4702
2958,3517,3580,3778
2529,5046,2891,5304
3226,4850,3651,5130
3569,4516,3720,4737
2250,5529,2885,5821
1766,5553,2162,5873
